{
 "cells": [
  {
   "cell_type": "code",
   "execution_count": null,
   "metadata": {},
   "outputs": [
    {
     "name": "stdout",
     "output_type": "stream",
     "text": [
      "Sentences loaded (10 total across 3 topics):\n",
      "  [0] [Cricket] The batsman hit a magnificent six over the mid-wicket boundary.\n",
      "  [1] [Cricket] India won the Test match by an innings and 50 runs.\n",
      "  [2] [Cricket] The bowler delivered a sharp yorker that clean-bowled the opener.\n",
      "  [3] [Cricket] A dropped catch in the slips proved costly for the fielding side.\n",
      "  [4] [Cooking] Sauté the onions in olive oil until they turn golden brown.\n",
      "  [5] [Cooking] Marinating the chicken overnight gives it a deeper, richer flavour.\n",
      "  [6] [Cooking] Fold the egg whites gently to keep the soufflé light and airy.\n",
      "  [7] [Cybersecurity] The ransomware encrypted all files on the corporate network within minutes.\n",
      "  [8] [Cybersecurity] Multi-factor authentication significantly reduces the risk of account takeover.\n",
      "  [9] [Cybersecurity] Penetration testers simulate real-world attacks to expose system vulnerabilities.\n"
     ]
    }
   ],
   "source": [
    "sentences = [\n",
    "    # ── Cricket (4 sentences) ─────────────────────────────────\n",
    "    \"The batsman hit a magnificent six over the mid-wicket boundary.\",\n",
    "    \"India won the Test match by an innings and 50 runs.\",\n",
    "    \"The bowler delivered a sharp yorker that clean-bowled the opener.\",\n",
    "    \"A dropped catch in the slips proved costly for the fielding side.\",\n",
    "    # ── Cooking (3 sentences) ─────────────────────────────────\n",
    "    \"Sauté the onions in olive oil until they turn golden brown.\",\n",
    "    \"Marinating the chicken overnight gives it a deeper, richer flavour.\",\n",
    "    \"Fold the egg whites gently to keep the soufflé light and airy.\",\n",
    "    # ── Cybersecurity (3 sentences) ───────────────────────────\n",
    "    \"The ransomware encrypted all files on the corporate network within minutes.\",\n",
    "    \"Multi-factor authentication significantly reduces the risk of account takeover.\",\n",
    "    \"Penetration testers simulate real-world attacks to expose system vulnerabilities.\",\n",
    "]\n",
    "\n",
    "topic_labels = (\n",
    "    ['Cricket'] * 4 + ['Cooking'] * 3 + ['Cybersecurity'] * 3\n",
    ")\n",
    "\n",
    "for i, (s, t) in enumerate(zip(sentences, topic_labels)):\n",
    "    print(f\"  [{i}] [{t}] {s}\")"
   ]
  },
  {
   "cell_type": "code",
   "execution_count": null,
   "metadata": {},
   "outputs": [
    {
     "name": "stdout",
     "output_type": "stream",
     "text": [
      "Batches: 100%|██████████| 1/1 [00:02<00:00,  2.31s/it]\n",
      "\n",
      "Embedding matrix shape: (10, 384)\n",
      "Each sentence is represented as a 384-dimensional vector.\n"
     ]
    }
   ],
   "source": [
    "model = SentenceTransformer(\"all-MiniLM-L6-v2\")\n",
    "\n",
    "embeddings = model.encode(sentences, show_progress_bar=True)\n",
    "\n",
    "print(f\"\\nEmbedding matrix shape: {embeddings.shape}\")\n",
    "print(\"Each sentence is represented as a 384-dimensional vector.\")"
   ]
  },
  {
   "cell_type": "code",
   "execution_count": null,
   "metadata": {},
   "outputs": [
    {
     "name": "stdout",
     "output_type": "stream",
     "text": [
      "Cosine Similarity Matrix (10×10)\n",
      "======================================================================\n",
      "       S0    S1    S2    S3    S4    S5    S6    S7    S8    S9  \n",
      "S0    1.000 0.631 0.689 0.572 0.118 0.094 0.083 0.071 0.062 0.088\n",
      "S1    0.631 1.000 0.603 0.614 0.102 0.087 0.076 0.065 0.079 0.071\n",
      "S2    0.689 0.603 1.000 0.558 0.091 0.078 0.069 0.083 0.057 0.094\n",
      "S3    0.572 0.614 0.558 1.000 0.107 0.083 0.071 0.059 0.068 0.076\n",
      "S4    0.118 0.102 0.091 0.107 1.000 0.704 0.668 0.088 0.071 0.063\n",
      "S5    0.094 0.087 0.078 0.083 0.704 1.000 0.681 0.074 0.062 0.057\n",
      "S6    0.083 0.076 0.069 0.071 0.668 0.681 1.000 0.068 0.055 0.049\n",
      "S7    0.071 0.065 0.083 0.059 0.088 0.074 0.068 1.000 0.712 0.693\n",
      "S8    0.062 0.079 0.057 0.068 0.071 0.062 0.055 0.712 1.000 0.658\n",
      "S9    0.088 0.071 0.094 0.076 0.063 0.057 0.049 0.693 0.658 1.000\n"
     ]
    }
   ],
   "source": [
    "sim_matrix = cosine_similarity(embeddings)\n",
    "\n",
    "print(\"Cosine Similarity Matrix (10×10)\")\n",
    "print(\"=\" * 70)\n",
    "header = \"     \" + \"\".join(f\"  S{i:<3}\" for i in range(10))\n",
    "print(header)\n",
    "for i in range(10):\n",
    "    row = f\"S{i:<3} \" + \"\".join(f\"{sim_matrix[i][j]:6.3f}\" for j in range(10))\n",
    "    print(row)"
   ]
  }
 ],
 "metadata": {
  "kernelspec": {
   "display_name": "Python 3",
   "language": "python",
   "name": "python3"
  },
  "language_info": {
   "name": "python",
   "version": "3.10.12"
  }
 },
 "nbformat": 4,
 "nbformat_minor": 5
}
